#Corrente'	Densidade de f B
#H/A/m	B/mT
#
-3039.299	-394.886
-3031.840	-394.355
-2934.881	-392.760
-2778.255	-387.977
-2591.794	-354.494
-2561.961	-374.159
-2424.762	-341.739
-2252.437	-348.648
-2166.666	-339.613
-2156.975	-314.102
-1751.013	-298.158
-1651.969	-247.668
-1589.607	-271.053
-1581.048	-241.290
-1226.443	-185.485
-1072.373	-197.709
-972.106	-147.750
-745.893	-143.498
-646.093	-96.197
-487.083	-49.427
-214.033	6.378
-70.755	6.378
-58.882	-43.581
-0.924	6.909
41.277	28.700
44.366	-12.755
69.106	-9.035
73.361	6.378
75.892	12.755
87.176	-53.679
114.403	6.378
114.892	6.378
195.475	-10.098
224.922	26.042
388.028	31.357
390.262	78.658
513.523	77.595
554.113	121.176
686.683	96.197
824.150	155.191
886.512	124.365
935.423	168.478
1030.799	124.897
1164.082	180.702
1214.215	179.639
1362.171	212.590
1400.077	212.059
1425.755	242.884
1468.552	248.731
1611.617	269.990
1622.622	250.856
1738.786	257.234
1765.687	264.143
1939.184	312.508
1969.018	313.571
2004.128	292.843
2032.415	320.480
2174.094	313.571
2208.331	318.354
2420.251	360.872
2465.002	364.592
2532.127	350.774
2602.982	374.690
2606.711	351.305
2785.713	370.970
2796.900	383.725
2983.360	391.698
3035.569	391.698
3046.757	392.229
#7462.131	-10.098
